1.jpg 1 0 0 420 560
2.jpg 1 0 0 420 560
3.jpg 1 0 0 420 560
4.jpg 1 0 0 420 560
5.jpg 1 0 0 420 560
6.jpg 1 0 0 420 560
7.jpg 1 0 0 420 560
8.jpg 1 0 0 420 560
9.jpg 1 0 0 420 560
10.jpg 1 0 0 420 560
11.jpg 1 0 0 420 560
12.jpg 1 0 0 420 560
13.jpg 1 0 0 420 560
14.jpg 1 0 0 420 560
15.jpg 1 0 0 420 560
16.jpg 1 0 0 420 560
17.jpg 1 0 0 420 560
18.jpg 1 0 0 420 560
19.jpg 1 0 0 420 560
20.jpg 1 0 0 420 560
21.jpg 1 0 0 420 560
22.jpg 1 0 0 420 560
23.jpg 1 0 0 420 560
24.jpg 1 0 0 420 560
25.jpg 1 0 0 420 560
26.jpg 1 0 0 420 560
27.jpg 1 0 0 420 560
28.jpg 1 0 0 420 560
29.jpg 1 0 0 420 560
30.jpg 1 0 0 420 560
