m_1.jpg 1 0 0 100 100
m_2.jpg 1 0 0 100 100
m_3.jpg 1 0 0 100 100
m_4.jpg 1 0 0 100 100
m_5.jpg 1 0 0 100 100
m_6.jpg 1 0 0 100 100
m_7.jpg 1 0 0 100 100
m_8.jpg 1 0 0 100 100
m_9.jpg 1 0 0 100 100
m_10.jpg 1 0 0 100 100
m_11.jpg 1 0 0 100 100
m_12.jpg 1 0 0 100 100
m_13.jpg 1 0 0 100 100
m_14.jpg 1 0 0 100 100
m_15.jpg 1 0 0 100 100
m_16.jpg 1 0 0 100 100
m_17.jpg 1 0 0 100 100
m_18.jpg 1 0 0 100 100
m_19.jpg 1 0 0 100 100
m_20.jpg 1 0 0 100 100
m_21.jpg 1 0 0 100 100
m_22.jpg 1 0 0 100 100
m_23.jpg 1 0 0 100 100
m_24.jpg 1 0 0 100 100
m_25.jpg 1 0 0 100 100
m_26.jpg 1 0 0 100 100
m_27.jpg 1 0 0 100 100
m_28.jpg 1 0 0 100 100
m_29.jpg 1 0 0 100 100
m_30.jpg 1 0 0 100 100
1.jpg 1 0 0 100 100
2.jpg 1 0 0 100 100
3.jpg 1 0 0 100 100
4.jpg 1 0 0 100 100
5.jpg 1 0 0 100 100
6.jpg 1 0 0 100 100
7.jpg 1 0 0 100 100
8.jpg 1 0 0 100 100
9.jpg 1 0 0 100 100
10.jpg 1 0 0 100 100
11.jpg 1 0 0 100 100
12.jpg 1 0 0 100 100
13.jpg 1 0 0 100 100
14.jpg 1 0 0 100 100
15.jpg 1 0 0 100 100
16.jpg 1 0 0 100 100
17.jpg 1 0 0 100 100
18.jpg 1 0 0 100 100
19.jpg 1 0 0 100 100
20.jpg 1 0 0 100 100
21.jpg 1 0 0 100 100
22.jpg 1 0 0 100 100
23.jpg 1 0 0 100 100
24.jpg 1 0 0 100 100
25.jpg 1 0 0 100 100
26.jpg 1 0 0 100 100
27.jpg 1 0 0 100 100
28.jpg 1 0 0 100 100
29.jpg 1 0 0 100 100
30.jpg 1 0 0 100 100
